1000,2.96	
100,1.83	
101,2.50	
102,2.42	
103,2.98	
104,3.39	
105,2.46	
106,3.30	
107,3.34	
108,3.15	
109,2.40	
10,2.85	
110,3.00	
111,2.88	
112,2.58	
113,3.59	
114,2.90	
115,2.91	
116,3.36	
117,3.08	
118,3.16	
119,2.28	
11,2.62	
120,2.39	
121,1.89	
122,2.79	
123,2.92	
124,2.10	
125,3.23	
126,2.89	
127,2.35	
128,2.49	
129,2.12	
12,3.01	
130,2.40	
131,2.28	
132,2.74	
133,3.44	
134,1.72	
135,2.69	
136,2.71	
137,1.78	
138,3.65	
139,2.21	
13,4.80	
140,2.06	
141,2.29	
142,2.35	
143,3.68	
144,2.91	
145,2.81	
146,2.52	
147,2.17	
148,2.92	
149,2.21	
14,2.08	
150,2.41	
151,1.58	
152,3.58	
153,2.34	
154,2.28	
155,3.11	
156,3.47	
157,2.94	
158,2.52	
159,3.00	
15,2.39	
160,2.50	
161,3.59	
162,2.93	
163,1.91	
164,2.72	
165,3.82	
166,3.44	
167,3.94	
168,3.01	
169,2.61	
16,2.86	
170,2.74	
171,3.64	
172,2.51	
173,3.06	
174,2.54	
175,4.02	
176,3.00	
177,2.44	
178,3.11	
179,2.39	
17,2.89	
180,3.64	
181,2.64	
182,2.34	
183,2.19	
184,2.98	
185,2.66	
186,3.15	
187,2.95	
188,2.60	
189,3.23	
18,3.67	
190,2.00	
191,3.81	
192,2.54	
193,2.95	
194,2.35	
195,2.53	
196,2.46	
197,3.20	
198,2.16	
199,3.92	
19,2.54	
1,3.75	
200,2.58	
201,3.28	
202,2.57	
203,2.88	
204,2.44	
205,3.19	
206,3.85	
207,2.24	
208,3.25	
209,3.80	
20,1.88	
210,2.72	
211,3.39	
212,2.83	
213,3.46	
214,2.19	
215,3.81	
216,3.03	
217,2.76	
218,2.11	
219,2.43	
21,2.61	
220,2.16	
221,3.06	
222,2.30	
223,4.14	
224,3.41	
225,2.65	
226,2.48	
227,3.05	
228,2.21	
229,3.19	
22,2.00	
230,2.81	
231,2.98	
232,2.95	
233,2.86	
234,2.61	
235,2.67	
236,1.76	
237,3.16	
238,3.43	
239,3.29	
23,3.07	
240,3.85	
241,4.10	
242,3.38	
243,2.57	
244,2.55	
245,1.95	
246,3.03	
247,3.09	
248,3.67	
249,2.84	
24,2.56	
250,3.09	
251,3.33	
252,3.09	
253,4.04	
254,2.17	
255,2.83	
256,3.45	
257,3.73	
258,2.00	
259,2.98	
25,3.68	
260,2.39	
261,3.54	
262,3.36	
263,3.40	
264,2.15	
265,2.63	
266,2.52	
267,3.13	
268,3.42	
269,3.58	
26,2.78	
270,4.06	
271,2.41	
272,2.69	
273,3.13	
274,2.46	
275,3.45	
276,1.69	
277,2.72	
278,2.00	
279,2.73	
27,2.78	
280,2.80	
281,3.59	
282,2.97	
283,3.54	
284,2.30	
285,3.10	
286,2.64	
287,2.50	
288,2.97	
289,2.16	
28,3.62	
290,3.52	
291,2.05	
292,3.46	
293,3.23	
294,2.93	
295,3.08	
296,2.28	
297,2.65	
298,2.56	
299,3.58	
29,2.76	
2,3.56	
300,1.86	
301,2.31	
302,2.74	
303,2.69	
304,3.47	
305,3.30	
306,2.39	
307,2.56	
308,2.23	
309,2.89	
30,3.57	
310,3.06	
311,3.57	
312,3.70	
313,3.46	
314,3.06	
315,2.35	
316,4.06	
317,2.43	
318,2.16	
319,2.43	
31,2.54	
320,2.24	
321,2.27	
322,2.54	
323,2.44	
324,2.75	
325,3.98	
326,3.03	
327,2.56	
328,2.14	
329,3.52	
32,3.48	
330,3.34	
331,3.57	
332,2.00	
333,2.85	
334,3.30	
335,2.12	
336,2.79	
337,2.94	
338,3.62	
339,3.55	
33,3.93	
340,2.56	
341,2.91	
342,2.94	
343,2.57	
344,3.54	
345,3.82	
346,3.11	
347,1.52	
348,3.44	
349,2.46	
34,2.25	
350,3.17	
351,2.70	
352,2.35	
353,3.06	
354,2.20	
355,1.62	
356,2.94	
357,3.58	
358,3.42	
359,4.05	
35,3.12	
360,2.58	
361,3.38	
362,2.16	
363,2.96	
364,2.50	
365,2.62	
366,2.97	
367,3.16	
368,2.91	
369,2.71	
36,2.66	
370,3.26	
371,3.41	
372,1.73	
373,2.15	
374,3.00	
375,2.95	
376,2.52	
377,2.17	
378,2.82	
379,2.23	
37,3.30	
380,2.63	
381,3.04	
382,2.56	
383,2.14	
384,3.40	
385,3.40	
386,2.85	
387,2.99	
388,2.29	
389,2.63	
38,2.02	
390,2.49	
391,2.88	
392,1.89	
393,3.17	
394,3.41	
395,3.76	
396,1.86	
397,3.67	
398,2.96	
399,2.26	
39,2.39	
3,3.64	
400,3.49	
401,3.61	
402,2.32	
403,2.72	
404,2.46	
405,3.68	
406,3.53	
407,2.45	
408,3.19	
409,3.30	
40,2.41	
410,3.72	
411,2.50	
412,2.24	
413,3.36	
414,2.72	
415,1.82	
416,2.97	
417,3.56	
418,2.73	
419,3.31	
41,1.47	
420,3.45	
421,3.49	
422,3.18	
423,2.64	
424,3.56	
425,3.15	
426,2.94	
427,2.66	
428,1.63	
429,2.73	
42,2.31	
430,3.06	
431,3.24	
432,3.48	
433,3.28	
434,3.13	
435,2.63	
436,3.49	
437,2.66	
438,2.75	
439,2.98	
43,1.95	
440,1.95	
441,2.88	
442,3.81	
443,3.96	
444,2.60	
445,3.34	
446,2.81	
447,2.63	
448,2.15	
449,1.88	
44,3.52	
450,2.21	
451,4.01	
452,2.78	
453,3.43	
454,3.46	
455,2.79	
456,3.30	
457,3.90	
458,2.64	
459,3.37	
45,2.75	
460,2.19	
461,2.91	
462,3.74	
463,4.07	
464,1.67	
465,1.69	
466,3.33	
467,3.20	
468,3.33	
469,2.39	
46,3.63	
470,2.33	
471,3.97	
472,2.86	
473,3.90	
474,3.37	
475,2.57	
476,3.40	
477,4.05	
478,3.07	
479,3.81	
47,3.09	
480,2.37	
481,2.80	
482,3.82	
483,3.18	
484,2.48	
485,3.15	
486,3.53	
487,3.07	
488,3.42	
489,3.33	
48,3.48	
490,2.78	
491,2.93	
492,2.78	
493,2.33	
494,3.97	
495,2.13	
496,2.54	
497,2.93	
498,3.62	
499,2.89	
49,2.82	
4,2.74	
500,3.00	
501,3.67	
502,3.46	
503,2.47	
504,3.94	
505,2.84	
506,2.35	
507,3.24	
508,2.51	
509,2.56	
50,2.86	
510,2.16	
511,2.39	
512,2.30	
513,2.23	
514,3.05	
515,1.47	
516,3.75	
517,2.95	
518,3.68	
519,2.83	
51,3.45	
520,2.24	
521,2.07	
522,2.37	
523,2.39	
524,3.19	
525,1.59	
526,2.54	
527,2.49	
528,3.13	
529,2.75	
52,3.65	
530,2.14	
531,2.35	
532,3.10	
533,2.91	
534,3.20	
535,3.16	
536,2.43	
537,2.35	
538,2.29	
539,2.87	
53,1.71	
540,3.27	
541,2.25	
542,1.88	
543,2.80	
544,3.33	
545,2.50	
546,2.20	
547,3.04	
548,2.74	
549,2.50	
54,2.75	
550,3.12	
551,2.94	
552,2.78	
553,2.51	
554,3.25	
555,3.40	
556,2.69	
557,2.11	
558,3.09	
559,3.35	
55,2.63	
560,3.78	
561,3.71	
562,2.25	
563,3.23	
564,3.06	
565,2.56	
566,2.81	
567,2.57	
568,2.68	
569,3.21	
56,3.50	
570,2.52	
571,4.10	
572,3.00	
573,2.71	
574,2.83	
575,3.63	
576,3.04	
577,3.98	
578,2.33	
579,3.70	
57,3.59	
580,3.18	
581,2.53	
582,2.68	
583,2.35	
584,2.77	
585,3.49	
586,3.31	
587,2.68	
588,3.39	
589,2.42	
58,3.38	
590,2.56	
591,2.68	
592,1.75	
593,2.10	
594,2.56	
595,3.71	
596,2.71	
597,1.88	
598,2.46	
599,3.25	
59,2.39	
5,3.92	
600,3.00	
601,2.92	
602,2.56	
603,2.83	
604,2.65	
605,2.56	
606,3.10	
607,3.33	
608,2.14	
609,3.21	
60,2.24	
610,1.88	
611,1.87	
612,2.68	
613,2.83	
614,2.89	
615,3.43	
616,2.64	
617,3.62	
618,2.67	
619,3.18	
61,2.41	
620,2.75	
621,3.23	
622,2.56	
623,2.88	
624,3.02	
625,1.51	
626,3.49	
627,2.86	
628,2.85	
629,3.42	
62,3.02	
630,2.57	
631,3.66	
632,2.65	
633,2.12	
634,3.98	
635,2.26	
636,3.34	
637,2.62	
638,3.31	
639,2.62	
63,2.68	
640,2.63	
641,3.47	
642,3.46	
643,2.90	
644,2.18	
645,3.86	
646,3.74	
647,2.83	
648,1.93	
649,1.55	
64,1.93	
650,2.84	
651,2.32	
652,3.23	
653,2.09	
654,1.94	
655,2.86	
656,2.88	
657,3.63	
658,3.36	
659,2.85	
65,2.47	
660,3.69	
661,3.12	
662,3.40	
663,3.68	
664,2.09	
665,2.20	
666,2.92	
667,3.30	
668,3.75	
669,1.72	
66,2.38	
670,3.39	
671,2.71	
672,2.84	
673,3.91	
674,3.26	
675,2.69	
676,2.71	
677,3.61	
678,2.78	
679,2.16	
67,2.44	
680,3.13	
681,3.23	
682,3.52	
683,2.32	
684,2.30	
685,2.94	
686,2.84	
687,2.55	
688,2.73	
689,3.24	
68,3.67	
690,3.18	
691,2.58	
692,3.23	
693,2.75	
694,3.89	
695,2.80	
696,3.16	
697,2.38	
698,1.92	
699,2.70	
69,3.37	
6,3.08	
700,3.42	
701,2.00	
702,2.39	
703,3.24	
704,2.47	
705,3.49	
706,3.35	
707,3.47	
708,3.19	
709,3.04	
70,2.51	
710,3.59	
711,3.52	
712,3.66	
713,2.81	
714,1.85	
715,3.55	
716,2.65	
717,2.69	
718,3.01	
719,2.93	
71,3.44	
720,3.82	
721,2.47	
722,3.86	
723,2.60	
724,3.64	
725,3.22	
726,1.83	
727,2.43	
728,2.67	
729,2.29	
72,2.40	
730,3.70	
731,2.40	
732,3.24	
733,3.42	
734,3.71	
735,2.41	
736,2.13	
737,2.00	
738,2.67	
739,2.23	
73,3.59	
740,2.60	
741,3.25	
742,2.67	
743,2.88	
744,2.42	
745,2.13	
746,3.16	
747,2.50	
748,3.04	
749,2.17	
74,2.94	
750,3.29	
751,2.97	
752,4.01	
753,4.05	
754,3.01	
755,3.35	
756,2.06	
757,2.27	
758,3.39	
759,2.96	
75,2.34	
760,3.54	
761,2.69	
762,3.74	
763,3.32	
764,3.37	
765,2.39	
766,2.79	
767,2.34	
768,3.02	
769,2.86	
76,3.66	
770,2.42	
771,2.43	
772,2.20	
773,2.79	
774,3.92	
775,3.12	
776,2.99	
777,3.62	
778,2.62	
779,1.97	
77,2.61	
780,3.00	
781,2.89	
782,2.18	
783,2.98	
784,2.79	
785,2.78	
786,3.11	
787,2.00	
788,3.71	
789,3.68	
78,2.65	
790,2.91	
791,2.41	
792,2.53	
793,2.84	
794,2.60	
795,2.98	
796,2.75	
797,2.91	
798,3.87	
799,3.53	
79,3.69	
7,2.13	
800,2.29	
801,2.40	
802,2.36	
803,2.50	
804,3.54	
805,3.11	
806,3.40	
807,3.40	
808,3.00	
809,3.05	
80,2.47	
810,2.42	
811,2.92	
812,2.09	
813,2.59	
814,2.44	
815,2.65	
816,2.89	
817,3.38	
818,3.42	
819,2.91	
81,3.45	
820,2.08	
821,2.15	
822,3.77	
823,3.05	
824,3.25	
825,3.87	
826,2.60	
827,2.35	
828,2.62	
829,3.17	
82,2.52	
830,2.12	
831,2.89	
832,3.36	
833,3.17	
834,3.22	
835,2.99	
836,3.53	
837,3.71	
838,2.23	
839,3.83	
83,3.69	
840,3.59	
841,2.76	
842,2.97	
843,3.58	
844,2.60	
845,3.57	
846,2.85	
847,3.06	
848,2.75	
849,3.09	
84,3.09	
850,3.19	
851,3.70	
852,2.69	
853,2.20	
854,1.97	
855,2.26	
856,2.23	
857,3.70	
858,2.75	
859,3.30	
85,3.60	
860,2.22	
861,3.05	
862,3.23	
863,3.64	
864,2.50	
865,2.71	
866,2.88	
867,2.29	
868,3.34	
869,2.40	
86,1.54	
870,2.45	
871,3.68	
872,4.20	
873,2.65	
874,2.55	
875,2.06	
876,2.13	
877,2.95	
878,2.41	
879,2.88	
87,2.25	
880,3.29	
881,2.57	
882,2.50	
883,3.32	
884,2.31	
885,2.81	
886,4.11	
887,3.11	
888,2.19	
889,3.78	
88,3.12	
890,2.75	
891,2.93	
892,3.37	
893,2.88	
894,2.61	
895,3.63	
896,3.15	
897,3.22	
898,2.72	
899,3.04	
89,2.22	
8,3.17	
900,3.83	
901,3.50	
902,2.03	
903,2.82	
904,2.36	
905,2.08	
906,3.48	
907,3.91	
908,4.01	
909,2.61	
90,3.08	
910,2.50	
911,2.75	
912,2.29	
913,2.81	
914,2.27	
915,2.29	
916,2.92	
917,2.05	
918,3.76	
919,3.24	
91,3.92	
920,2.48	
921,3.20	
922,2.66	
923,2.83	
924,2.64	
925,3.34	
926,2.15	
927,2.55	
928,2.48	
929,3.03	
92,3.71	
930,2.79	
931,3.05	
932,2.23	
933,2.69	
934,3.20	
935,3.77	
936,2.75	
937,3.49	
938,1.91	
939,3.11	
93,2.41	
940,3.45	
941,1.82	
942,2.67	
943,3.86	
944,2.50	
945,2.52	
946,2.48	
947,3.39	
948,1.70	
949,3.22	
94,2.76	
950,1.94	
951,2.61	
952,3.75	
953,3.39	
954,3.30	
955,2.58	
956,2.50	
957,3.22	
958,2.72	
959,2.03	
95,2.49	
960,3.15	
961,3.45	
962,2.88	
963,3.86	
964,3.46	
965,3.00	
966,2.12	
967,2.85	
968,2.50	
969,2.06	
96,2.77	
970,2.60	
971,3.75	
972,2.35	
973,2.83	
974,3.47	
975,1.83	
976,3.50	
977,2.83	
978,3.17	
979,2.22	
97,3.74	
980,3.29	
981,2.90	
982,3.12	
983,2.08	
984,3.21	
985,3.35	
986,3.24	
987,2.69	
988,3.23	
989,3.21	
98,3.91	
990,3.44	
991,2.72	
992,3.51	
993,2.81	
994,3.09	
995,1.92	
996,3.91	
997,2.44	
998,2.88	
999,2.47	
99,2.25	
9,2.30	
